all distance and rotate angle
Moved Distance: 
head: 5.777219
right:24.36066
left:11.88389
Rotated Angle: 
head: 1146.835
right:4946.914
left:2438.691