all distance and rotate angle
Moved Distance: 
head: 5.028637
right:22.83274
left:4.386545
Rotated Angle: 
head: 729.6855
right:4643.242
left:765.2831