all distance and rotate angle
Moved Distance: 
head: 8.500396
right:33.77837
left:11.14747
Rotated Angle: 
head: 2240.265
right:6263.949
left:3428.115