all distance and rotate angle
Moved Distance: 
head: 6.087275
right:17.31968
left:16.91891
Rotated Angle: 
head: 1873.669
right:5116.564
left:4185.53