all distance and rotate angle
Moved Distance: 
head: 7.138397
right:22.27851
left:14.87417
Rotated Angle: 
head: 1772.762
right:4766.021
left:4394.94