all distance and rotate angle
Moved Distance: 
head: 7.749466
right:14.12958
left:6.366707
Rotated Angle: 
head: 2217.058
right:3418.143
left:1451.812