all distance and rotate angle
Moved Distance: 
head: 27.63371
right:73.0375
left:35.43551
Rotated Angle: 
head: 6783.25
right:18124.58
left:11244.53