all distance and rotate angle
Moved Distance: 
head: 10.33549
right:37.02559
left:11.20307
Rotated Angle: 
head: 2577.522
right:6301.489
left:2861.791