all distance and rotate angle
Moved Distance: 
head: 8.181571
right:29.24979
left:8.880244
Rotated Angle: 
head: 1582.381
right:5051.124
left:1890.507