all distance and rotate angle
Moved Distance: 
head: 7.108662
right:24.44288
left:6.202256
Rotated Angle: 
head: 1185.292
right:4193.619
left:1335.405