all distance and rotate angle
Moved Distance: 
head: 4.063087
right:10.7631
left:4.916855
Rotated Angle: 
head: 834.6262
right:3269.638
left:1203.407