all distance and rotate angle
Moved Distance: 
head: 4.618504
right:10.98245
left:5.801413
Rotated Angle: 
head: 1057.672
right:3031.702
left:1751.277