all distance and rotate angle
Moved Distance: 
head: 5.67625
right:12.79679
left:4.531637
Rotated Angle: 
head: 1214.166
right:4014.938
left:1052.879