all distance and rotate angle
Moved Distance: 
head: 15.353
right:42.01508
left:20.57396
Rotated Angle: 
head: 4749.138
right:8752.773
left:5796.728