all distance and rotate angle
Moved Distance: 
head: 8.105908
right:25.49114
left:8.774596
Rotated Angle: 
head: 1825.618
right:5163.129
left:2008.524