all distance and rotate angle
Moved Distance: 
head: 9.343456
right:31.73391
left:10.33557
Rotated Angle: 
head: 2106.045
right:5772.247
left:2180.018